%YAML:1.0
---
aruco_bc_dict: ARUCO_MIP_36h12
aruco_bc_nmarkers: 16
aruco_bc_mInfoType: 0
aruco_bc_markers:
   - { id:161, corners:[ [ -1150., -650., 0. ], [ -650., -650., 0. ], [
       -650., -1150., 0. ], [ -1150., -1150., 0. ] ] }
   - { id:227, corners:[ [ -550., -650., 0. ], [ -50., -650., 0. ], [
       -50., -1150., 0. ], [ -550., -1150., 0. ] ] }
   - { id:85, corners:[ [ 50., -650., 0. ], [ 550., -650., 0. ], [ 550.,
       -1150., 0. ], [ 50., -1150., 0. ] ] }
   - { id:166, corners:[ [ 650., -650., 0. ], [ 1150., -650., 0. ], [
       1150., -1150., 0. ], [ 650., -1150., 0. ] ] }
   - { id:244, corners:[ [ -1150., -50., 0. ], [ -650., -50., 0. ], [
       -650., -550., 0. ], [ -1150., -550., 0. ] ] }
   - { id:144, corners:[ [ -550., -50., 0. ], [ -50., -50., 0. ], [ -50.,
       -550., 0. ], [ -550., -550., 0. ] ] }
   - { id:90, corners:[ [ 50., -50., 0. ], [ 550., -50., 0. ], [ 550.,
       -550., 0. ], [ 50., -550., 0. ] ] }
   - { id:214, corners:[ [ 650., -50., 0. ], [ 1150., -50., 0. ], [
       1150., -550., 0. ], [ 650., -550., 0. ] ] }
   - { id:153, corners:[ [ -1150., 550., 0. ], [ -650., 550., 0. ], [
       -650., 50., 0. ], [ -1150., 50., 0. ] ] }
   - { id:7, corners:[ [ -550., 550., 0. ], [ -50., 550., 0. ], [ -50.,
       50., 0. ], [ -550., 50., 0. ] ] }
   - { id:143, corners:[ [ 50., 550., 0. ], [ 550., 550., 0. ], [ 550.,
       50., 0. ], [ 50., 50., 0. ] ] }
   - { id:219, corners:[ [ 650., 550., 0. ], [ 1150., 550., 0. ], [
       1150., 50., 0. ], [ 650., 50., 0. ] ] }
   - { id:78, corners:[ [ -1150., 1150., 0. ], [ -650., 1150., 0. ], [
       -650., 650., 0. ], [ -1150., 650., 0. ] ] }
   - { id:159, corners:[ [ -550., 1150., 0. ], [ -50., 1150., 0. ], [
       -50., 650., 0. ], [ -550., 650., 0. ] ] }
   - { id:209, corners:[ [ 50., 1150., 0. ], [ 550., 1150., 0. ], [ 550.,
       650., 0. ], [ 50., 650., 0. ] ] }
   - { id:13, corners:[ [ 650., 1150., 0. ], [ 1150., 1150., 0. ], [
       1150., 650., 0. ], [ 650., 650., 0. ] ] }
