%YAML:1.0
---
aruco_bc_dict: ARUCO_MIP_36h12
aruco_bc_nmarkers: 16
aruco_bc_mInfoType: 1
aruco_bc_markers:
   - { id:161, corners:[ [ -9.6599998474121094e+00,
       -5.4600000381469727e+00, 0. ], [ -5.4600000381469727e+00,
       -5.4600000381469727e+00, 0. ], [ -5.4600000381469727e+00,
       -9.6599998474121094e+00, 0. ], [ -9.6599998474121094e+00,
       -9.6599998474121094e+00, 0. ] ] }
   - { id:227, corners:[ [ -4.6199998855590820e+00,
       -5.4600000381469727e+00, 0. ], [ -4.1999998688697815e-01,
       -5.4600000381469727e+00, 0. ], [ -4.1999998688697815e-01,
       -9.6599998474121094e+00, 0. ], [ -4.6199998855590820e+00,
       -9.6599998474121094e+00, 0. ] ] }
   - { id:85, corners:[ [ 4.1999998688697815e-01,
       -5.4600000381469727e+00, 0. ], [ 4.6199998855590820e+00,
       -5.4600000381469727e+00, 0. ], [ 4.6199998855590820e+00,
       -9.6599998474121094e+00, 0. ], [ 4.1999998688697815e-01,
       -9.6599998474121094e+00, 0. ] ] }
   - { id:166, corners:[ [ 5.4600000381469727e+00,
       -5.4600000381469727e+00, 0. ], [ 9.6599998474121094e+00,
       -5.4600000381469727e+00, 0. ], [ 9.6599998474121094e+00,
       -9.6599998474121094e+00, 0. ], [ 5.4600000381469727e+00,
       -9.6599998474121094e+00, 0. ] ] }
   - { id:244, corners:[ [ -9.6599998474121094e+00,
       -4.1999998688697815e-01, 0. ], [ -5.4600000381469727e+00,
       -4.1999998688697815e-01, 0. ], [ -5.4600000381469727e+00,
       -4.6199998855590820e+00, 0. ], [ -9.6599998474121094e+00,
       -4.6199998855590820e+00, 0. ] ] }
   - { id:144, corners:[ [ -4.6199998855590820e+00,
       -4.1999998688697815e-01, 0. ], [ -4.1999998688697815e-01,
       -4.1999998688697815e-01, 0. ], [ -4.1999998688697815e-01,
       -4.6199998855590820e+00, 0. ], [ -4.6199998855590820e+00,
       -4.6199998855590820e+00, 0. ] ] }
   - { id:90, corners:[ [ 4.1999998688697815e-01,
       -4.1999998688697815e-01, 0. ], [ 4.6199998855590820e+00,
       -4.1999998688697815e-01, 0. ], [ 4.6199998855590820e+00,
       -4.6199998855590820e+00, 0. ], [ 4.1999998688697815e-01,
       -4.6199998855590820e+00, 0. ] ] }
   - { id:214, corners:[ [ 5.4600000381469727e+00,
       -4.1999998688697815e-01, 0. ], [ 9.6599998474121094e+00,
       -4.1999998688697815e-01, 0. ], [ 9.6599998474121094e+00,
       -4.6199998855590820e+00, 0. ], [ 5.4600000381469727e+00,
       -4.6199998855590820e+00, 0. ] ] }
   - { id:153, corners:[ [ -9.6599998474121094e+00,
       4.6199998855590820e+00, 0. ], [ -5.4600000381469727e+00,
       4.6199998855590820e+00, 0. ], [ -5.4600000381469727e+00,
       4.1999998688697815e-01, 0. ], [ -9.6599998474121094e+00,
       4.1999998688697815e-01, 0. ] ] }
   - { id:7, corners:[ [ -4.6199998855590820e+00, 4.6199998855590820e+00,
       0. ], [ -4.1999998688697815e-01, 4.6199998855590820e+00, 0. ], [
       -4.1999998688697815e-01, 4.1999998688697815e-01, 0. ], [
       -4.6199998855590820e+00, 4.1999998688697815e-01, 0. ] ] }
   - { id:143, corners:[ [ 4.1999998688697815e-01,
       4.6199998855590820e+00, 0. ], [ 4.6199998855590820e+00,
       4.6199998855590820e+00, 0. ], [ 4.6199998855590820e+00,
       4.1999998688697815e-01, 0. ], [ 4.1999998688697815e-01,
       4.1999998688697815e-01, 0. ] ] }
   - { id:219, corners:[ [ 5.4600000381469727e+00,
       4.6199998855590820e+00, 0. ], [ 9.6599998474121094e+00,
       4.6199998855590820e+00, 0. ], [ 9.6599998474121094e+00,
       4.1999998688697815e-01, 0. ], [ 5.4600000381469727e+00,
       4.1999998688697815e-01, 0. ] ] }
   - { id:78, corners:[ [ -9.6599998474121094e+00,
       9.6599998474121094e+00, 0. ], [ -5.4600000381469727e+00,
       9.6599998474121094e+00, 0. ], [ -5.4600000381469727e+00,
       5.4600000381469727e+00, 0. ], [ -9.6599998474121094e+00,
       5.4600000381469727e+00, 0. ] ] }
   - { id:159, corners:[ [ -4.6199998855590820e+00,
       9.6599998474121094e+00, 0. ], [ -4.1999998688697815e-01,
       9.6599998474121094e+00, 0. ], [ -4.1999998688697815e-01,
       5.4600000381469727e+00, 0. ], [ -4.6199998855590820e+00,
       5.4600000381469727e+00, 0. ] ] }
   - { id:209, corners:[ [ 4.1999998688697815e-01,
       9.6599998474121094e+00, 0. ], [ 4.6199998855590820e+00,
       9.6599998474121094e+00, 0. ], [ 4.6199998855590820e+00,
       5.4600000381469727e+00, 0. ], [ 4.1999998688697815e-01,
       5.4600000381469727e+00, 0. ] ] }
   - { id:13, corners:[ [ 5.4600000381469727e+00, 9.6599998474121094e+00,
       0. ], [ 9.6599998474121094e+00, 9.6599998474121094e+00, 0. ], [
       9.6599998474121094e+00, 5.4600000381469727e+00, 0. ], [
       5.4600000381469727e+00, 5.4600000381469727e+00, 0. ] ] }
