%YAML:1.0
---
aruco_bc_dict: ARUCO_MIP_16h3
aruco_bc_nmarkers: 16
aruco_bc_mInfoType: 0
aruco_bc_markers:
   - { id:244, corners:[ [ -1150., -650., 0. ], [ -650., -650., 0. ], [
       -650., -1150., 0. ], [ -1150., -1150., 0. ] ] }
   - { id:192, corners:[ [ -550., -650., 0. ], [ -50., -650., 0. ], [
       -50., -1150., 0. ], [ -550., -1150., 0. ] ] }
   - { id:63, corners:[ [ 50., -650., 0. ], [ 550., -650., 0. ], [ 550.,
       -1150., 0. ], [ 50., -1150., 0. ] ] }
   - { id:81, corners:[ [ 650., -650., 0. ], [ 1150., -650., 0. ], [
       1150., -1150., 0. ], [ 650., -1150., 0. ] ] }
   - { id:206, corners:[ [ -1150., -50., 0. ], [ -650., -50., 0. ], [
       -650., -550., 0. ], [ -1150., -550., 0. ] ] }
   - { id:113, corners:[ [ -550., -50., 0. ], [ -50., -50., 0. ], [ -50.,
       -550., 0. ], [ -550., -550., 0. ] ] }
   - { id:152, corners:[ [ 50., -50., 0. ], [ 550., -50., 0. ], [ 550.,
       -550., 0. ], [ 50., -550., 0. ] ] }
   - { id:58, corners:[ [ 650., -50., 0. ], [ 1150., -50., 0. ], [ 1150.,
       -550., 0. ], [ 650., -550., 0. ] ] }
   - { id:144, corners:[ [ -1150., 550., 0. ], [ -650., 550., 0. ], [
       -650., 50., 0. ], [ -1150., 50., 0. ] ] }
   - { id:30, corners:[ [ -550., 550., 0. ], [ -50., 550., 0. ], [ -50.,
       50., 0. ], [ -550., 50., 0. ] ] }
   - { id:73, corners:[ [ 50., 550., 0. ], [ 550., 550., 0. ], [ 550.,
       50., 0. ], [ 50., 50., 0. ] ] }
   - { id:79, corners:[ [ 650., 550., 0. ], [ 1150., 550., 0. ], [ 1150.,
       50., 0. ], [ 650., 50., 0. ] ] }
   - { id:69, corners:[ [ -1150., 1150., 0. ], [ -650., 1150., 0. ], [
       -650., 650., 0. ], [ -1150., 650., 0. ] ] }
   - { id:163, corners:[ [ -550., 1150., 0. ], [ -50., 1150., 0. ], [
       -50., 650., 0. ], [ -550., 650., 0. ] ] }
   - { id:213, corners:[ [ 50., 1150., 0. ], [ 550., 1150., 0. ], [ 550.,
       650., 0. ], [ 50., 650., 0. ] ] }
   - { id:86, corners:[ [ 650., 1150., 0. ], [ 1150., 1150., 0. ], [
       1150., 650., 0. ], [ 650., 650., 0. ] ] }
