%YAML:1.0
---
image_width: 640
image_height: 480
camera_matrix: !!opencv-matrix
   rows: 3
   cols: 3
   dt: d
   data: [ 5.4151954643429769e+02, 0., 3.1843863414809687e+02, 0.,
       5.4336705339524008e+02, 2.0318636621239858e+02, 0., 0., 1. ]
distortion_coefficients: !!opencv-matrix
   rows: 1
   cols: 5
   dt: d
   data: [ 1.1459387541165356e-01, -3.3602094871313792e-01,
       -1.9754431943213076e-02, 3.9043946575430168e-03,
       2.7348241618098956e-01 ]
