%YAML:1.0
---
image_width: 640
image_height: 480
camera_matrix: !!opencv-matrix
   rows: 3
   cols: 3
   dt: d
   data: [ 6.0855175540850735e+02, 0., 3.5728403518398369e+02, 0.,
       6.0974443714533413e+02, 2.3769505284224817e+02, 0., 0., 1. ]
distortion_coefficients: !!opencv-matrix
   rows: 1
   cols: 5
   dt: d
   data: [ 6.2911125756718048e-02, -4.5378928512576783e-01,
       -3.4721171886490519e-03, 1.5152683428503799e-02,
       5.7114028717310716e-01 ]
